160.0
30.0
310.0
160.0
260.0
30.0
30.0
160.0
160.0
30.0
30.0
30.0
40.0
30.0
30.0
30.0
140.0
30.0
30.0
30.0
30.0
30.0
160.0
160.0
30.0
30.0
30.0
30.0
30.0
30.0
160.0
250.0
140.0
140.0
200.0
70.0
170.0
130.0
170.0
200.0
150.0
140.0
230.0
140.0
30.0
30.0
30.0
30.0
30.0
160.0
160.0
30.0
160.0
140.0
160.0
160.0
30.0
150.0
30.0
30.0
30.0
30.0
30.0
30.0
30.0
40.0
140.0
210.0
140.0
140.0
150.0
150.0
160.0
160.0
80.0
60.0
30.0
30.0
250.0
120.0
160.0
150.0
60.0
100.0
80.0
160.0
140.0
170.0
160.0
140.0
220.0
30.0
30.0
160.0
90.0
30.0
70.0
40.0
260.0
150.0
