90.0
140.0
140.0
140.0
140.0
220.0
220.0
270.0
160.0
30.0
230.0
140.0
140.0
320.0
230.0
230.0
140.0
140.0
230.0
90.0
180.0
140.0
230.0
230.0
260.0
210.0
140.0
140.0
210.0
250.0
140.0
230.0
140.0
160.0
230.0
140.0
250.0
0.0
0.0
230.0
160.0
90.0
140.0
30.0
160.0
250.0
160.0
30.0
30.0
30.0
30.0
100.0
230.0
30.0
140.0
230.0
140.0
210.0
230.0
230.0
140.0
140.0
160.0
30.0
30.0
170.0
140.0
50.0
50.0
110.0
140.0
30.0
30.0
30.0
30.0
30.0
30.0
30.0
30.0
170.0
230.0
230.0
290.0
140.0
140.0
50.0
30.0
30.0
30.0
30.0
30.0
160.0
80.0
230.0
140.0
140.0
180.0
50.0
50.0
140.0
