0.0
0.0
0.0
230.0
250.0
140.0
140.0
140.0
140.0
140.0
140.0
140.0
140.0
140.0
140.0
140.0
140.0
140.0
140.0
140.0
140.0
140.0
140.0
140.0
140.0
140.0
140.0
140.0
260.0
160.0
140.0
230.0
140.0
140.0
140.0
140.0
140.0
140.0
140.0
140.0
140.0
140.0
210.0
140.0
230.0
250.0
250.0
140.0
140.0
140.0
140.0
140.0
140.0
140.0
140.0
140.0
140.0
230.0
140.0
140.0
140.0
140.0
140.0
220.0
140.0
140.0
230.0
210.0
290.0
310.0
170.0
170.0
170.0
240.0
270.0
140.0
140.0
140.0
220.0
170.0
230.0
220.0
210.0
230.0
140.0
210.0
210.0
140.0
140.0
140.0
140.0
140.0
140.0
210.0
230.0
220.0
230.0
280.0
140.0
140.0
