220.0
290.0
100.0
100.0
100.0
140.0
110.0
110.0
110.0
120.0
270.0
140.0
140.0
250.0
270.0
310.0
140.0
100.0
100.0
100.0
100.0
310.0
290.0
100.0
100.0
100.0
110.0
310.0
270.0
310.0
310.0
270.0
270.0
100.0
100.0
270.0
310.0
270.0
270.0
270.0
270.0
270.0
270.0
270.0
270.0
270.0
100.0
100.0
100.0
100.0
270.0
270.0
270.0
270.0
270.0
100.0
270.0
270.0
270.0
270.0
100.0
270.0
270.0
270.0
270.0
270.0
270.0
290.0
100.0
100.0
100.0
270.0
150.0
100.0
100.0
100.0
100.0
100.0
270.0
270.0
230.0
100.0
100.0
280.0
270.0
270.0
270.0
290.0
330.0
100.0
100.0
360.0
100.0
270.0
270.0
270.0
270.0
270.0
270.0
270.0
