280.0
290.0
30.0
30.0
30.0
30.0
30.0
30.0
50.0
40.0
30.0
60.0
30.0
30.0
30.0
30.0
60.0
60.0
30.0
30.0
30.0
30.0
60.0
70.0
190.0
270.0
30.0
60.0
310.0
240.0
240.0
220.0
240.0
220.0
370.0
270.0
270.0
310.0
360.0
250.0
170.0
160.0
40.0
210.0
190.0
190.0
330.0
290.0
220.0
60.0
190.0
250.0
250.0
330.0
250.0
180.0
140.0
180.0
140.0
180.0
200.0
190.0
50.0
150.0
300.0
230.0
230.0
140.0
310.0
240.0
270.0
200.0
60.0
60.0
30.0
190.0
190.0
190.0
200.0
210.0
200.0
220.0
140.0
50.0
0.0
80.0
120.0
160.0
140.0
160.0
270.0
120.0
260.0
130.0
90.0
60.0
60.0
30.0
30.0
60.0
